256     244    
258     246
260     248     
130     124     116
132     126     118
134     128    120
67      64      60
69      66      62
71      68      64
35,5    34      32
37,5    36      34
39,5    38      36
19,75   19      18
        21
        23
        46
        48
        50
        100
        102
        104
        208
        210
        212
        424
        426
        428
        
256     254
258     256
262     260
131     130
133     132
137     136
68,5    68
70,5    70
74,5    74
37,25   37
39,25   39
41,25   41
        82
        84
        86
        172
        174
        176
        352
        354
        356
        
256     254
258     256
262     260
131     130
133     132
137     136
68,5    68
70,5    70
74,5    72
        144
        146
        148
        296
        298
        300